imageWidth:
70.0
imageHeight:
33.0
bodies:
4
Blocks:
32 0 (0.0, 0.0, 0.49019608);32 1 (0.0, 0.0, 0.49019608);32 2 (0.0, 0.0, 0.49019608);32 3 (0.0, 0.0, 0.49019608);32 4 (0.0, 0.0, 0.49019608);32 5 (0.0, 0.0, 0.49019608);32 6 (0.0, 0.0, 0.49019608);32 7 (0.0, 0.0, 0.49019608);32 8 (0.0, 0.0, 0.49019608);32 9 (0.0, 0.0, 0.49019608);32 10 (0.0, 0.0, 0.49019608);32 11 (0.0, 0.0, 0.49019608);32 12 (0.0, 0.0, 0.49019608);32 13 (0.0, 0.0, 0.49019608);32 14 (0.0, 0.0, 0.49019608);32 15 (0.0, 0.0, 0.49019608);32 16 (0.0, 0.0, 0.49019608);32 17 (0.0, 0.0, 0.49019608);32 18 (0.0, 0.0, 0.49019608);32 19 (0.0, 0.0, 0.49019608);32 20 (0.0, 0.0, 0.49019608);32 21 (0.0, 0.0, 0.49019608);32 22 (0.0, 0.0, 0.49019608);32 23 (0.0, 0.0, 0.49019608);32 24 (0.0, 0.0, 0.49019608);32 25 (0.0, 0.0, 0.49019608);32 26 (0.0, 0.0, 0.49019608);32 27 (0.0, 0.0, 0.49019608);32 28 (0.0, 0.0, 0.49019608);32 29 (0.0, 0.0, 0.49019608);32 30 (0.0, 0.0, 0.49019608);32 31 (0.0, 0.0, 0.49019608);32 32 (0.0, 0.0, 0.49019608);32 33 (0.0, 0.0, 0.49019608);32 34 (0.0, 0.0, 0.49019608);32 35 (0.0, 0.0, 0.49019608);32 36 (0.0, 0.0, 0.49019608);32 37 (0.0, 0.0, 0.49019608);32 38 (0.0, 0.0, 0.49019608);32 39 (0.0, 0.0, 0.49019608);32 40 (0.0, 0.0, 0.49019608);32 41 (0.0, 0.0, 0.49019608);32 42 (0.0, 0.0, 0.49019608);32 43 (0.0, 0.0, 0.49019608);32 44 (0.0, 0.0, 0.49019608);32 45 (0.0, 0.0, 0.49019608);32 46 (0.0, 0.0, 0.49019608);32 47 (0.0, 0.0, 0.49019608);32 48 (0.0, 0.0, 0.49019608);32 49 (0.0, 0.0, 0.49019608);32 50 (0.0, 0.0, 0.49019608);32 51 (0.0, 0.0, 0.49019608);32 52 (0.0, 0.0, 0.49019608);32 53 (0.0, 0.0, 0.49019608);32 54 (0.0, 0.0, 0.49019608);32 55 (0.0, 0.0, 0.49019608);32 56 (0.0, 0.0, 0.49019608);32 57 (0.0, 0.0, 0.49019608);32 58 (0.0, 0.0, 0.49019608);32 59 (0.0, 0.0, 0.49019608);32 60 (0.0, 0.0, 0.49019608);32 61 (0.0, 0.0, 0.49019608);32 62 (0.0, 0.0, 0.49019608);32 63 (0.0, 0.0, 0.49019608);32 64 (0.0, 0.0, 0.49019608);32 65 (0.0, 0.0, 0.49019608);32 66 (0.0, 0.0, 0.49019608);32 67 (0.0, 0.0, 0.49019608);32 68 (0.0, 0.0, 0.49019608);32 69 (0.0, 0.0, 0.49019608);
BoundaryBlocks:
32 0 (0.0, 0.0, 0.49019608);32 1 (0.0, 0.0, 0.49019608);32 2 (0.0, 0.0, 0.49019608);32 3 (0.0, 0.0, 0.49019608);32 4 (0.0, 0.0, 0.49019608);32 5 (0.0, 0.0, 0.49019608);32 6 (0.0, 0.0, 0.49019608);32 7 (0.0, 0.0, 0.49019608);32 8 (0.0, 0.0, 0.49019608);32 9 (0.0, 0.0, 0.49019608);32 10 (0.0, 0.0, 0.49019608);32 11 (0.0, 0.0, 0.49019608);32 12 (0.0, 0.0, 0.49019608);32 13 (0.0, 0.0, 0.49019608);32 14 (0.0, 0.0, 0.49019608);32 15 (0.0, 0.0, 0.49019608);32 16 (0.0, 0.0, 0.49019608);32 17 (0.0, 0.0, 0.49019608);32 18 (0.0, 0.0, 0.49019608);32 19 (0.0, 0.0, 0.49019608);32 20 (0.0, 0.0, 0.49019608);32 21 (0.0, 0.0, 0.49019608);32 22 (0.0, 0.0, 0.49019608);32 23 (0.0, 0.0, 0.49019608);32 24 (0.0, 0.0, 0.49019608);32 25 (0.0, 0.0, 0.49019608);32 26 (0.0, 0.0, 0.49019608);32 27 (0.0, 0.0, 0.49019608);32 28 (0.0, 0.0, 0.49019608);32 29 (0.0, 0.0, 0.49019608);32 30 (0.0, 0.0, 0.49019608);32 31 (0.0, 0.0, 0.49019608);32 32 (0.0, 0.0, 0.49019608);32 33 (0.0, 0.0, 0.49019608);32 34 (0.0, 0.0, 0.49019608);32 35 (0.0, 0.0, 0.49019608);32 36 (0.0, 0.0, 0.49019608);32 37 (0.0, 0.0, 0.49019608);32 38 (0.0, 0.0, 0.49019608);32 39 (0.0, 0.0, 0.49019608);32 40 (0.0, 0.0, 0.49019608);32 41 (0.0, 0.0, 0.49019608);32 42 (0.0, 0.0, 0.49019608);32 43 (0.0, 0.0, 0.49019608);32 44 (0.0, 0.0, 0.49019608);32 45 (0.0, 0.0, 0.49019608);32 46 (0.0, 0.0, 0.49019608);32 47 (0.0, 0.0, 0.49019608);32 48 (0.0, 0.0, 0.49019608);32 49 (0.0, 0.0, 0.49019608);32 50 (0.0, 0.0, 0.49019608);32 51 (0.0, 0.0, 0.49019608);32 52 (0.0, 0.0, 0.49019608);32 53 (0.0, 0.0, 0.49019608);32 54 (0.0, 0.0, 0.49019608);32 55 (0.0, 0.0, 0.49019608);32 56 (0.0, 0.0, 0.49019608);32 57 (0.0, 0.0, 0.49019608);32 58 (0.0, 0.0, 0.49019608);32 59 (0.0, 0.0, 0.49019608);32 60 (0.0, 0.0, 0.49019608);32 61 (0.0, 0.0, 0.49019608);32 62 (0.0, 0.0, 0.49019608);32 63 (0.0, 0.0, 0.49019608);32 64 (0.0, 0.0, 0.49019608);32 65 (0.0, 0.0, 0.49019608);32 66 (0.0, 0.0, 0.49019608);32 67 (0.0, 0.0, 0.49019608);32 68 (0.0, 0.0, 0.49019608);32 69 (0.0, 0.0, 0.49019608);
Blocks:
7 10 (0.0, 0.0, 0.0);8 10 (0.0, 0.0, 0.0);7 11 (0.0, 0.0, 0.0);8 11 (0.0, 0.0, 0.0);9 10 (0.0, 0.0, 0.0);9 11 (0.0, 0.0, 0.0);7 12 (0.0, 0.0, 0.0);8 12 (0.0, 0.0, 0.0);9 12 (0.0, 0.0, 0.0);7 13 (0.0, 0.0, 0.0);8 13 (0.0, 0.0, 0.0);9 13 (0.0, 0.0, 0.0);7 14 (0.0, 0.0, 0.0);8 14 (0.0, 0.0, 0.0);9 14 (0.0, 0.0, 0.0);10 14 (0.0, 0.0, 0.0);7 15 (0.0, 0.0, 0.0);8 15 (0.0, 0.0, 0.0);9 15 (0.0, 0.0, 0.0);10 15 (0.0, 0.0, 0.0);11 14 (0.0, 0.0, 0.0);11 15 (0.0, 0.0, 0.0);7 16 (0.0, 0.0, 0.0);8 16 (0.0, 0.0, 0.0);9 16 (0.0, 0.0, 0.0);10 16 (0.0, 0.0, 0.0);11 16 (0.0, 0.0, 0.0);12 14 (0.0, 0.0, 0.0);12 15 (0.0, 0.0, 0.0);12 16 (0.0, 0.0, 0.0);7 17 (0.0, 0.0, 0.0);8 17 (0.0, 0.0, 0.0);9 17 (0.0, 0.0, 0.0);13 14 (0.0, 0.0, 0.0);13 15 (0.0, 0.0, 0.0);13 16 (0.0, 0.0, 0.0);7 18 (0.0, 0.0, 0.0);8 18 (0.0, 0.0, 0.0);9 18 (0.0, 0.0, 0.0);14 14 (0.0, 0.0, 0.0);14 15 (0.0, 0.0, 0.0);14 16 (0.0, 0.0, 0.0);7 19 (0.0, 0.0, 0.0);8 19 (0.0, 0.0, 0.0);9 19 (0.0, 0.0, 0.0);15 14 (0.0, 0.0, 0.0);15 15 (0.0, 0.0, 0.0);15 16 (0.0, 0.0, 0.0);7 20 (0.0, 0.0, 0.0);8 20 (0.0, 0.0, 0.0);9 20 (0.0, 0.0, 0.0);16 14 (0.0, 0.0, 0.0);16 15 (0.0, 0.0, 0.0);16 16 (0.0, 0.0, 0.0);17 14 (0.0, 0.0, 0.0);17 15 (0.0, 0.0, 0.0);17 16 (0.0, 0.0, 0.0);18 14 (0.0, 0.0, 0.0);18 15 (0.0, 0.0, 0.0);18 16 (0.0, 0.0, 0.0);19 14 (0.0, 0.0, 0.0);19 15 (0.0, 0.0, 0.0);19 16 (0.0, 0.0, 0.0);20 14 (0.0, 0.0, 0.0);20 15 (0.0, 0.0, 0.0);20 16 (0.0, 0.0, 0.0);21 14 (0.0, 0.0, 0.0);21 15 (0.0, 0.0, 0.0);21 16 (0.0, 0.0, 0.0);22 13 (0.0, 0.0, 0.0);22 14 (0.0, 0.0, 0.0);22 15 (0.0, 0.0, 0.0);22 16 (0.0, 0.0, 0.0);22 17 (0.0, 0.0, 0.0);22 12 (0.0, 0.0, 0.0);23 12 (0.0, 0.0, 0.0);23 13 (0.0, 0.0, 0.0);23 14 (0.0, 0.0, 0.0);23 15 (0.0, 0.0, 0.0);23 16 (0.0, 0.0, 0.0);23 17 (0.0, 0.0, 0.0);22 18 (0.0, 0.0, 0.0);23 18 (0.0, 0.0, 0.0);22 11 (0.0, 0.0, 0.0);23 11 (0.0, 0.0, 0.0);24 11 (0.0, 0.0, 0.0);24 12 (0.0, 0.0, 0.0);24 13 (0.0, 0.0, 0.0);24 14 (0.0, 0.0, 0.0);24 15 (0.0, 0.0, 0.0);24 16 (0.0, 0.0, 0.0);24 17 (0.0, 0.0, 0.0);24 18 (0.0, 0.0, 0.0);22 19 (0.0, 0.0, 0.0);23 19 (0.0, 0.0, 0.0);24 19 (0.0, 0.0, 0.0);22 10 (0.0, 0.0, 0.0);23 10 (0.0, 0.0, 0.0);24 10 (0.0, 0.0, 0.0);22 20 (0.0, 0.0, 0.0);23 20 (0.0, 0.0, 0.0);24 20 (0.0, 0.0, 0.0);22 21 (0.0, 0.0, 0.0);23 21 (0.0, 0.0, 0.0);24 21 (0.0, 0.0, 0.0);22 22 (0.0, 0.0, 0.0);23 22 (0.0, 0.0, 0.0);24 22 (0.0, 0.0, 0.0);21 23 (0.0, 0.0, 0.0);22 23 (0.0, 0.0, 0.0);23 23 (0.0, 0.0, 0.0);24 23 (0.0, 0.0, 0.0);20 23 (0.0, 0.0, 0.0);20 24 (0.0, 0.0, 0.0);21 24 (0.0, 0.0, 0.0);22 24 (0.0, 0.0, 0.0);23 24 (0.0, 0.0, 0.0);24 24 (0.0, 0.0, 0.0);19 23 (0.0, 0.0, 0.0);19 24 (0.0, 0.0, 0.0);19 25 (0.0, 0.0, 0.0);20 25 (0.0, 0.0, 0.0);21 25 (0.0, 0.0, 0.0);22 25 (0.0, 0.0, 0.0);23 25 (0.0, 0.0, 0.0);24 25 (0.0, 0.0, 0.0);18 23 (0.0, 0.0, 0.0);18 24 (0.0, 0.0, 0.0);18 25 (0.0, 0.0, 0.0);17 23 (0.0, 0.0, 0.0);17 24 (0.0, 0.0, 0.0);17 25 (0.0, 0.0, 0.0);
BoundaryBlocks:
7 10 (0.0, 0.0, 0.0);8 10 (0.0, 0.0, 0.0);7 11 (0.0, 0.0, 0.0);9 10 (0.0, 0.0, 0.0);9 11 (0.0, 0.0, 0.0);7 12 (0.0, 0.0, 0.0);9 12 (0.0, 0.0, 0.0);7 13 (0.0, 0.0, 0.0);9 13 (0.0, 0.0, 0.0);7 14 (0.0, 0.0, 0.0);9 14 (0.0, 0.0, 0.0);10 14 (0.0, 0.0, 0.0);7 15 (0.0, 0.0, 0.0);11 14 (0.0, 0.0, 0.0);7 16 (0.0, 0.0, 0.0);10 16 (0.0, 0.0, 0.0);11 16 (0.0, 0.0, 0.0);12 14 (0.0, 0.0, 0.0);12 16 (0.0, 0.0, 0.0);7 17 (0.0, 0.0, 0.0);9 17 (0.0, 0.0, 0.0);13 14 (0.0, 0.0, 0.0);13 16 (0.0, 0.0, 0.0);7 18 (0.0, 0.0, 0.0);9 18 (0.0, 0.0, 0.0);14 14 (0.0, 0.0, 0.0);14 16 (0.0, 0.0, 0.0);7 19 (0.0, 0.0, 0.0);9 19 (0.0, 0.0, 0.0);15 14 (0.0, 0.0, 0.0);15 16 (0.0, 0.0, 0.0);7 20 (0.0, 0.0, 0.0);8 20 (0.0, 0.0, 0.0);9 20 (0.0, 0.0, 0.0);16 14 (0.0, 0.0, 0.0);16 16 (0.0, 0.0, 0.0);17 14 (0.0, 0.0, 0.0);17 16 (0.0, 0.0, 0.0);18 14 (0.0, 0.0, 0.0);18 16 (0.0, 0.0, 0.0);19 14 (0.0, 0.0, 0.0);19 16 (0.0, 0.0, 0.0);20 14 (0.0, 0.0, 0.0);20 16 (0.0, 0.0, 0.0);21 14 (0.0, 0.0, 0.0);21 16 (0.0, 0.0, 0.0);22 13 (0.0, 0.0, 0.0);22 16 (0.0, 0.0, 0.0);22 17 (0.0, 0.0, 0.0);22 12 (0.0, 0.0, 0.0);22 18 (0.0, 0.0, 0.0);22 11 (0.0, 0.0, 0.0);24 11 (0.0, 0.0, 0.0);24 12 (0.0, 0.0, 0.0);24 13 (0.0, 0.0, 0.0);24 14 (0.0, 0.0, 0.0);24 15 (0.0, 0.0, 0.0);24 16 (0.0, 0.0, 0.0);24 17 (0.0, 0.0, 0.0);24 18 (0.0, 0.0, 0.0);22 19 (0.0, 0.0, 0.0);24 19 (0.0, 0.0, 0.0);22 10 (0.0, 0.0, 0.0);23 10 (0.0, 0.0, 0.0);24 10 (0.0, 0.0, 0.0);22 20 (0.0, 0.0, 0.0);24 20 (0.0, 0.0, 0.0);22 21 (0.0, 0.0, 0.0);24 21 (0.0, 0.0, 0.0);22 22 (0.0, 0.0, 0.0);24 22 (0.0, 0.0, 0.0);21 23 (0.0, 0.0, 0.0);24 23 (0.0, 0.0, 0.0);20 23 (0.0, 0.0, 0.0);24 24 (0.0, 0.0, 0.0);19 23 (0.0, 0.0, 0.0);19 25 (0.0, 0.0, 0.0);20 25 (0.0, 0.0, 0.0);21 25 (0.0, 0.0, 0.0);22 25 (0.0, 0.0, 0.0);23 25 (0.0, 0.0, 0.0);24 25 (0.0, 0.0, 0.0);18 23 (0.0, 0.0, 0.0);18 25 (0.0, 0.0, 0.0);17 23 (0.0, 0.0, 0.0);17 24 (0.0, 0.0, 0.0);17 25 (0.0, 0.0, 0.0);
Blocks:
12 28 (0.0, 0.0, 0.0);13 28 (0.0, 0.0, 0.0);11 29 (0.0, 0.0, 0.0);12 29 (0.0, 0.0, 0.0);13 29 (0.0, 0.0, 0.0);14 28 (0.0, 0.0, 0.0);14 29 (0.0, 0.0, 0.0);10 29 (0.0, 0.0, 0.0);10 30 (0.0, 0.0, 0.0);11 30 (0.0, 0.0, 0.0);12 30 (0.0, 0.0, 0.0);13 30 (0.0, 0.0, 0.0);14 30 (0.0, 0.0, 0.0);15 28 (0.0, 0.0, 0.0);15 29 (0.0, 0.0, 0.0);15 30 (0.0, 0.0, 0.0);9 30 (0.0, 0.0, 0.0);9 31 (0.0, 0.0, 0.0);10 31 (0.0, 0.0, 0.0);11 31 (0.0, 0.0, 0.0);12 31 (0.0, 0.0, 0.0);16 28 (0.0, 0.0, 0.0);16 29 (0.0, 0.0, 0.0);16 30 (0.0, 0.0, 0.0);8 31 (0.0, 0.0, 0.0);8 32 (0.0, 0.0, 0.0);9 32 (0.0, 0.0, 0.0);10 32 (0.0, 0.0, 0.0);11 32 (0.0, 0.0, 0.0);17 28 (0.0, 0.0, 0.0);17 29 (0.0, 0.0, 0.0);17 30 (0.0, 0.0, 0.0);7 33 (0.0, 0.0, 0.0);8 33 (0.0, 0.0, 0.0);9 33 (0.0, 0.0, 0.0);10 33 (0.0, 0.0, 0.0);18 28 (0.0, 0.0, 0.0);18 29 (0.0, 0.0, 0.0);18 30 (0.0, 0.0, 0.0);7 34 (0.0, 0.0, 0.0);8 34 (0.0, 0.0, 0.0);9 34 (0.0, 0.0, 0.0);19 28 (0.0, 0.0, 0.0);19 29 (0.0, 0.0, 0.0);19 30 (0.0, 0.0, 0.0);19 31 (0.0, 0.0, 0.0);7 35 (0.0, 0.0, 0.0);8 35 (0.0, 0.0, 0.0);9 35 (0.0, 0.0, 0.0);20 29 (0.0, 0.0, 0.0);20 30 (0.0, 0.0, 0.0);20 31 (0.0, 0.0, 0.0);7 36 (0.0, 0.0, 0.0);8 36 (0.0, 0.0, 0.0);9 36 (0.0, 0.0, 0.0);21 29 (0.0, 0.0, 0.0);21 30 (0.0, 0.0, 0.0);21 31 (0.0, 0.0, 0.0);21 32 (0.0, 0.0, 0.0);7 37 (0.0, 0.0, 0.0);8 37 (0.0, 0.0, 0.0);9 37 (0.0, 0.0, 0.0);22 30 (0.0, 0.0, 0.0);22 31 (0.0, 0.0, 0.0);22 32 (0.0, 0.0, 0.0);21 33 (0.0, 0.0, 0.0);22 33 (0.0, 0.0, 0.0);7 38 (0.0, 0.0, 0.0);8 38 (0.0, 0.0, 0.0);9 38 (0.0, 0.0, 0.0);23 31 (0.0, 0.0, 0.0);23 32 (0.0, 0.0, 0.0);23 33 (0.0, 0.0, 0.0);22 34 (0.0, 0.0, 0.0);23 34 (0.0, 0.0, 0.0);7 39 (0.0, 0.0, 0.0);8 39 (0.0, 0.0, 0.0);9 39 (0.0, 0.0, 0.0);10 39 (0.0, 0.0, 0.0);24 34 (0.0, 0.0, 0.0);22 35 (0.0, 0.0, 0.0);23 35 (0.0, 0.0, 0.0);24 35 (0.0, 0.0, 0.0);8 40 (0.0, 0.0, 0.0);9 40 (0.0, 0.0, 0.0);10 40 (0.0, 0.0, 0.0);22 36 (0.0, 0.0, 0.0);23 36 (0.0, 0.0, 0.0);24 36 (0.0, 0.0, 0.0);7 41 (0.0, 0.0, 0.0);8 41 (0.0, 0.0, 0.0);9 41 (0.0, 0.0, 0.0);10 41 (0.0, 0.0, 0.0);11 41 (0.0, 0.0, 0.0);22 37 (0.0, 0.0, 0.0);23 37 (0.0, 0.0, 0.0);24 37 (0.0, 0.0, 0.0);7 42 (0.0, 0.0, 0.0);8 42 (0.0, 0.0, 0.0);9 42 (0.0, 0.0, 0.0);10 42 (0.0, 0.0, 0.0);11 42 (0.0, 0.0, 0.0);12 41 (0.0, 0.0, 0.0);12 42 (0.0, 0.0, 0.0);22 38 (0.0, 0.0, 0.0);23 38 (0.0, 0.0, 0.0);24 38 (0.0, 0.0, 0.0);7 43 (0.0, 0.0, 0.0);8 43 (0.0, 0.0, 0.0);9 43 (0.0, 0.0, 0.0);10 43 (0.0, 0.0, 0.0);11 43 (0.0, 0.0, 0.0);12 43 (0.0, 0.0, 0.0);22 39 (0.0, 0.0, 0.0);23 39 (0.0, 0.0, 0.0);24 39 (0.0, 0.0, 0.0);21 40 (0.0, 0.0, 0.0);22 40 (0.0, 0.0, 0.0);23 40 (0.0, 0.0, 0.0);20 41 (0.0, 0.0, 0.0);21 41 (0.0, 0.0, 0.0);22 41 (0.0, 0.0, 0.0);23 41 (0.0, 0.0, 0.0);20 42 (0.0, 0.0, 0.0);21 42 (0.0, 0.0, 0.0);22 42 (0.0, 0.0, 0.0);20 43 (0.0, 0.0, 0.0);21 43 (0.0, 0.0, 0.0);22 43 (0.0, 0.0, 0.0);
BoundaryBlocks:
12 28 (0.0, 0.0, 0.0);13 28 (0.0, 0.0, 0.0);11 29 (0.0, 0.0, 0.0);14 28 (0.0, 0.0, 0.0);10 29 (0.0, 0.0, 0.0);13 30 (0.0, 0.0, 0.0);14 30 (0.0, 0.0, 0.0);15 28 (0.0, 0.0, 0.0);15 30 (0.0, 0.0, 0.0);9 30 (0.0, 0.0, 0.0);12 31 (0.0, 0.0, 0.0);16 28 (0.0, 0.0, 0.0);16 30 (0.0, 0.0, 0.0);8 31 (0.0, 0.0, 0.0);8 32 (0.0, 0.0, 0.0);11 32 (0.0, 0.0, 0.0);17 28 (0.0, 0.0, 0.0);17 30 (0.0, 0.0, 0.0);7 33 (0.0, 0.0, 0.0);10 33 (0.0, 0.0, 0.0);18 28 (0.0, 0.0, 0.0);18 30 (0.0, 0.0, 0.0);7 34 (0.0, 0.0, 0.0);9 34 (0.0, 0.0, 0.0);19 28 (0.0, 0.0, 0.0);19 29 (0.0, 0.0, 0.0);19 30 (0.0, 0.0, 0.0);19 31 (0.0, 0.0, 0.0);7 35 (0.0, 0.0, 0.0);9 35 (0.0, 0.0, 0.0);20 29 (0.0, 0.0, 0.0);20 31 (0.0, 0.0, 0.0);7 36 (0.0, 0.0, 0.0);9 36 (0.0, 0.0, 0.0);21 29 (0.0, 0.0, 0.0);21 30 (0.0, 0.0, 0.0);21 31 (0.0, 0.0, 0.0);21 32 (0.0, 0.0, 0.0);7 37 (0.0, 0.0, 0.0);9 37 (0.0, 0.0, 0.0);22 30 (0.0, 0.0, 0.0);22 31 (0.0, 0.0, 0.0);21 33 (0.0, 0.0, 0.0);22 33 (0.0, 0.0, 0.0);7 38 (0.0, 0.0, 0.0);9 38 (0.0, 0.0, 0.0);23 31 (0.0, 0.0, 0.0);23 32 (0.0, 0.0, 0.0);23 33 (0.0, 0.0, 0.0);22 34 (0.0, 0.0, 0.0);23 34 (0.0, 0.0, 0.0);7 39 (0.0, 0.0, 0.0);8 39 (0.0, 0.0, 0.0);9 39 (0.0, 0.0, 0.0);10 39 (0.0, 0.0, 0.0);24 34 (0.0, 0.0, 0.0);22 35 (0.0, 0.0, 0.0);24 35 (0.0, 0.0, 0.0);8 40 (0.0, 0.0, 0.0);10 40 (0.0, 0.0, 0.0);22 36 (0.0, 0.0, 0.0);24 36 (0.0, 0.0, 0.0);7 41 (0.0, 0.0, 0.0);10 41 (0.0, 0.0, 0.0);11 41 (0.0, 0.0, 0.0);22 37 (0.0, 0.0, 0.0);24 37 (0.0, 0.0, 0.0);7 42 (0.0, 0.0, 0.0);12 41 (0.0, 0.0, 0.0);12 42 (0.0, 0.0, 0.0);22 38 (0.0, 0.0, 0.0);24 38 (0.0, 0.0, 0.0);7 43 (0.0, 0.0, 0.0);8 43 (0.0, 0.0, 0.0);9 43 (0.0, 0.0, 0.0);10 43 (0.0, 0.0, 0.0);11 43 (0.0, 0.0, 0.0);12 43 (0.0, 0.0, 0.0);22 39 (0.0, 0.0, 0.0);24 39 (0.0, 0.0, 0.0);21 40 (0.0, 0.0, 0.0);23 40 (0.0, 0.0, 0.0);20 41 (0.0, 0.0, 0.0);23 41 (0.0, 0.0, 0.0);20 42 (0.0, 0.0, 0.0);22 42 (0.0, 0.0, 0.0);20 43 (0.0, 0.0, 0.0);21 43 (0.0, 0.0, 0.0);22 43 (0.0, 0.0, 0.0);
Blocks:
7 47 (0.0, 0.0, 0.0);8 47 (0.0, 0.0, 0.0);7 48 (0.0, 0.0, 0.0);8 48 (0.0, 0.0, 0.0);9 47 (0.0, 0.0, 0.0);9 48 (0.0, 0.0, 0.0);7 49 (0.0, 0.0, 0.0);8 49 (0.0, 0.0, 0.0);9 49 (0.0, 0.0, 0.0);10 49 (0.0, 0.0, 0.0);7 50 (0.0, 0.0, 0.0);8 50 (0.0, 0.0, 0.0);9 50 (0.0, 0.0, 0.0);10 50 (0.0, 0.0, 0.0);11 49 (0.0, 0.0, 0.0);11 50 (0.0, 0.0, 0.0);7 51 (0.0, 0.0, 0.0);8 51 (0.0, 0.0, 0.0);9 51 (0.0, 0.0, 0.0);10 51 (0.0, 0.0, 0.0);11 51 (0.0, 0.0, 0.0);12 49 (0.0, 0.0, 0.0);12 50 (0.0, 0.0, 0.0);12 51 (0.0, 0.0, 0.0);7 52 (0.0, 0.0, 0.0);8 52 (0.0, 0.0, 0.0);9 52 (0.0, 0.0, 0.0);13 49 (0.0, 0.0, 0.0);13 50 (0.0, 0.0, 0.0);13 51 (0.0, 0.0, 0.0);7 53 (0.0, 0.0, 0.0);8 53 (0.0, 0.0, 0.0);9 53 (0.0, 0.0, 0.0);14 49 (0.0, 0.0, 0.0);14 50 (0.0, 0.0, 0.0);14 51 (0.0, 0.0, 0.0);7 54 (0.0, 0.0, 0.0);8 54 (0.0, 0.0, 0.0);9 54 (0.0, 0.0, 0.0);15 49 (0.0, 0.0, 0.0);15 50 (0.0, 0.0, 0.0);15 51 (0.0, 0.0, 0.0);7 55 (0.0, 0.0, 0.0);8 55 (0.0, 0.0, 0.0);9 55 (0.0, 0.0, 0.0);16 49 (0.0, 0.0, 0.0);16 50 (0.0, 0.0, 0.0);16 51 (0.0, 0.0, 0.0);16 52 (0.0, 0.0, 0.0);7 56 (0.0, 0.0, 0.0);8 56 (0.0, 0.0, 0.0);9 56 (0.0, 0.0, 0.0);17 49 (0.0, 0.0, 0.0);17 50 (0.0, 0.0, 0.0);17 51 (0.0, 0.0, 0.0);17 52 (0.0, 0.0, 0.0);16 53 (0.0, 0.0, 0.0);17 53 (0.0, 0.0, 0.0);7 57 (0.0, 0.0, 0.0);8 57 (0.0, 0.0, 0.0);9 57 (0.0, 0.0, 0.0);18 49 (0.0, 0.0, 0.0);18 50 (0.0, 0.0, 0.0);18 51 (0.0, 0.0, 0.0);18 52 (0.0, 0.0, 0.0);18 53 (0.0, 0.0, 0.0);16 54 (0.0, 0.0, 0.0);17 54 (0.0, 0.0, 0.0);18 54 (0.0, 0.0, 0.0);8 58 (0.0, 0.0, 0.0);9 58 (0.0, 0.0, 0.0);10 58 (0.0, 0.0, 0.0);19 49 (0.0, 0.0, 0.0);19 50 (0.0, 0.0, 0.0);19 51 (0.0, 0.0, 0.0);16 55 (0.0, 0.0, 0.0);17 55 (0.0, 0.0, 0.0);18 55 (0.0, 0.0, 0.0);8 59 (0.0, 0.0, 0.0);9 59 (0.0, 0.0, 0.0);10 59 (0.0, 0.0, 0.0);11 59 (0.0, 0.0, 0.0);20 49 (0.0, 0.0, 0.0);20 50 (0.0, 0.0, 0.0);20 51 (0.0, 0.0, 0.0);16 56 (0.0, 0.0, 0.0);17 56 (0.0, 0.0, 0.0);18 56 (0.0, 0.0, 0.0);9 60 (0.0, 0.0, 0.0);10 60 (0.0, 0.0, 0.0);11 60 (0.0, 0.0, 0.0);12 59 (0.0, 0.0, 0.0);12 60 (0.0, 0.0, 0.0);21 49 (0.0, 0.0, 0.0);21 50 (0.0, 0.0, 0.0);21 51 (0.0, 0.0, 0.0);15 57 (0.0, 0.0, 0.0);16 57 (0.0, 0.0, 0.0);17 57 (0.0, 0.0, 0.0);18 57 (0.0, 0.0, 0.0);10 61 (0.0, 0.0, 0.0);11 61 (0.0, 0.0, 0.0);12 61 (0.0, 0.0, 0.0);13 59 (0.0, 0.0, 0.0);13 60 (0.0, 0.0, 0.0);13 61 (0.0, 0.0, 0.0);22 48 (0.0, 0.0, 0.0);22 49 (0.0, 0.0, 0.0);22 50 (0.0, 0.0, 0.0);22 51 (0.0, 0.0, 0.0);22 52 (0.0, 0.0, 0.0);14 58 (0.0, 0.0, 0.0);15 58 (0.0, 0.0, 0.0);16 58 (0.0, 0.0, 0.0);17 58 (0.0, 0.0, 0.0);14 59 (0.0, 0.0, 0.0);14 60 (0.0, 0.0, 0.0);14 61 (0.0, 0.0, 0.0);22 47 (0.0, 0.0, 0.0);23 47 (0.0, 0.0, 0.0);23 48 (0.0, 0.0, 0.0);23 49 (0.0, 0.0, 0.0);23 50 (0.0, 0.0, 0.0);23 51 (0.0, 0.0, 0.0);23 52 (0.0, 0.0, 0.0);22 53 (0.0, 0.0, 0.0);23 53 (0.0, 0.0, 0.0);15 59 (0.0, 0.0, 0.0);16 59 (0.0, 0.0, 0.0);17 59 (0.0, 0.0, 0.0);15 60 (0.0, 0.0, 0.0);24 47 (0.0, 0.0, 0.0);24 48 (0.0, 0.0, 0.0);24 49 (0.0, 0.0, 0.0);24 50 (0.0, 0.0, 0.0);24 51 (0.0, 0.0, 0.0);24 52 (0.0, 0.0, 0.0);24 53 (0.0, 0.0, 0.0);22 54 (0.0, 0.0, 0.0);23 54 (0.0, 0.0, 0.0);24 54 (0.0, 0.0, 0.0);16 60 (0.0, 0.0, 0.0);22 55 (0.0, 0.0, 0.0);23 55 (0.0, 0.0, 0.0);24 55 (0.0, 0.0, 0.0);22 56 (0.0, 0.0, 0.0);23 56 (0.0, 0.0, 0.0);24 56 (0.0, 0.0, 0.0);
BoundaryBlocks:
7 47 (0.0, 0.0, 0.0);8 47 (0.0, 0.0, 0.0);7 48 (0.0, 0.0, 0.0);9 47 (0.0, 0.0, 0.0);9 48 (0.0, 0.0, 0.0);7 49 (0.0, 0.0, 0.0);9 49 (0.0, 0.0, 0.0);10 49 (0.0, 0.0, 0.0);7 50 (0.0, 0.0, 0.0);11 49 (0.0, 0.0, 0.0);7 51 (0.0, 0.0, 0.0);10 51 (0.0, 0.0, 0.0);11 51 (0.0, 0.0, 0.0);12 49 (0.0, 0.0, 0.0);12 51 (0.0, 0.0, 0.0);7 52 (0.0, 0.0, 0.0);9 52 (0.0, 0.0, 0.0);13 49 (0.0, 0.0, 0.0);13 51 (0.0, 0.0, 0.0);7 53 (0.0, 0.0, 0.0);9 53 (0.0, 0.0, 0.0);14 49 (0.0, 0.0, 0.0);14 51 (0.0, 0.0, 0.0);7 54 (0.0, 0.0, 0.0);9 54 (0.0, 0.0, 0.0);15 49 (0.0, 0.0, 0.0);15 51 (0.0, 0.0, 0.0);7 55 (0.0, 0.0, 0.0);9 55 (0.0, 0.0, 0.0);16 49 (0.0, 0.0, 0.0);16 51 (0.0, 0.0, 0.0);16 52 (0.0, 0.0, 0.0);7 56 (0.0, 0.0, 0.0);9 56 (0.0, 0.0, 0.0);17 49 (0.0, 0.0, 0.0);16 53 (0.0, 0.0, 0.0);7 57 (0.0, 0.0, 0.0);8 57 (0.0, 0.0, 0.0);9 57 (0.0, 0.0, 0.0);18 49 (0.0, 0.0, 0.0);18 52 (0.0, 0.0, 0.0);18 53 (0.0, 0.0, 0.0);16 54 (0.0, 0.0, 0.0);18 54 (0.0, 0.0, 0.0);8 58 (0.0, 0.0, 0.0);9 58 (0.0, 0.0, 0.0);10 58 (0.0, 0.0, 0.0);19 49 (0.0, 0.0, 0.0);19 51 (0.0, 0.0, 0.0);16 55 (0.0, 0.0, 0.0);18 55 (0.0, 0.0, 0.0);8 59 (0.0, 0.0, 0.0);9 59 (0.0, 0.0, 0.0);10 59 (0.0, 0.0, 0.0);11 59 (0.0, 0.0, 0.0);20 49 (0.0, 0.0, 0.0);20 51 (0.0, 0.0, 0.0);16 56 (0.0, 0.0, 0.0);18 56 (0.0, 0.0, 0.0);9 60 (0.0, 0.0, 0.0);10 60 (0.0, 0.0, 0.0);12 59 (0.0, 0.0, 0.0);21 49 (0.0, 0.0, 0.0);21 51 (0.0, 0.0, 0.0);15 57 (0.0, 0.0, 0.0);18 57 (0.0, 0.0, 0.0);10 61 (0.0, 0.0, 0.0);11 61 (0.0, 0.0, 0.0);12 61 (0.0, 0.0, 0.0);13 59 (0.0, 0.0, 0.0);13 61 (0.0, 0.0, 0.0);22 48 (0.0, 0.0, 0.0);22 51 (0.0, 0.0, 0.0);22 52 (0.0, 0.0, 0.0);14 58 (0.0, 0.0, 0.0);17 58 (0.0, 0.0, 0.0);14 61 (0.0, 0.0, 0.0);22 47 (0.0, 0.0, 0.0);23 47 (0.0, 0.0, 0.0);22 53 (0.0, 0.0, 0.0);17 59 (0.0, 0.0, 0.0);15 60 (0.0, 0.0, 0.0);24 47 (0.0, 0.0, 0.0);24 48 (0.0, 0.0, 0.0);24 49 (0.0, 0.0, 0.0);24 50 (0.0, 0.0, 0.0);24 51 (0.0, 0.0, 0.0);24 52 (0.0, 0.0, 0.0);24 53 (0.0, 0.0, 0.0);22 54 (0.0, 0.0, 0.0);24 54 (0.0, 0.0, 0.0);16 60 (0.0, 0.0, 0.0);22 55 (0.0, 0.0, 0.0);24 55 (0.0, 0.0, 0.0);22 56 (0.0, 0.0, 0.0);23 56 (0.0, 0.0, 0.0);24 56 (0.0, 0.0, 0.0);
